1 	0.999333 0.0011547
2 	0.971333 0.00450925
3 	0.912667 0.0432936
4 	0.845 0.132714
5 	1 0
6 	0.541667 0.293009
7 	0.971 0.0407308
8 	0.089 0.0903383
9 	0.005 0.001
10 	0.987333 0.0132791
11 	0.768667 0.299228
12 	0.99 0.0147986
13 	0.56 0.327831
14 	1 0
15 	0.450667 0.441398
16 	0.922667 0.085594
17 	0.963667 0.0357258
18 	0.963667 0.022053
19 	0.999333 0.00057735
20 	1 0
21 	0.967667 0.0196044
22 	1 0
23 	0.980333 0.00832666
24 	1 0
25 	0.0203333 0.0352184
26 	0.096 0.166277
27 	0.004 0.0069282
28 	0.768333 0.186044
29 	0 0
30 	0 0
31 	0.686 0.228291
32 	0.007 0.006
33 	0 0
34 	0 0
35 	0 0
36 	0 0
37 	0 0
38 	0 0
39 	0 0
40 	0 0
41 	0 0
42 	0 0
43 	0 0
44 	0 0
45 	0 0
46 	0 0
47 	0 0
48 	0 0
49 	0 0
50 	0 0
51 	0 0
52 	0 0
53 	0 0
54 	0 0
55 	0 0
56 	0 0
57 	0 0
58 	0 0
59 	0 0
60 	0 0
61 	0 0
62 	0 0
63 	0 0
64 	0 0
65 	0 0
66 	0 0
67 	0 0
68 	0 0
69 	0 0
70 	0 0
71 	0 0
72 	0 0
73 	0 0
74 	0 0
75 	0 0
76 	0 0
77 	0 0
78 	0 0
79 	0 0
80 	0 0
81 	0 0
82 	0 0
83 	0 0
84 	0 0
85 	0 0
86 	0 0
87 	0 0
88 	0 0
89 	0 0
90 	0 0
91 	0 0
92 	0 0
93 	0 0
94 	0 0
95 	0 0
96 	0 0
97 	0 0
98 	0 0
99 	0 0
100 	0 0
101 	0 0
102 	0 0
103 	0 0
104 	0 0
105 	0 0
106 	0 0
107 	0 0
108 	0 0
109 	0 0
110 	0 0
111 	0 0
112 	0 0
113 	0 0
114 	0 0
115 	0 0
116 	0 0
117 	0 0
118 	0 0
119 	0 0
120 	0 0
121 	0 0
122 	0 0
123 	0 0
124 	0 0
125 	0 0
126 	0 0
127 	0 0
128 	0 0
129 	0 0
130 	0 0
131 	0 0
132 	0 0
133 	0 0
134 	0 0
135 	0 0
136 	0 0
137 	0 0
138 	0 0
139 	0 0
140 	0 0
141 	0 0
142 	0 0
143 	0 0
144 	0 0
145 	0 0
146 	0 0
147 	0 0
148 	0 0
149 	0 0
150 	0 0
151 	0 0
152 	0 0
153 	0 0
154 	0 0
155 	0.0356667 0.0444672
156 	0.177 0.0697639
157 	0.997333 0.00378594
158 	0.985 0.0141774
159 	0.00233333 0.00321455
160 	0.99 0.00964365
161 	0.307667 0.19676
162 	0.925667 0.0997112
163 	0.999 0.001
164 	0.591667 0.325062
165 	0.363333 0.39706
166 	0.00166667 0.00288675
167 	0 0
168 	0 0
169 	0 0
170 	0.00933333 0.0161658
171 	0 0
172 	0.00233333 0.00404145
173 	0 0
174 	0 0
175 	0 0
176 	0 0
177 	0 0
178 	0 0
179 	0 0
180 	0.069 0.116914
181 	0.687333 0.153722
182 	0.615667 0.195044
183 	0.728333 0.166031
184 	0.732 0.0138924
185 	0.966 0.0190788
186 	0.976333 0.0122202
187 	0.99 0.0034641
188 	0.997333 0.00378594
189 	1 0
190 	0.989667 0.0161658
191 	1 0
192 	0.789 0.0992421
193 	0.591667 0.443198
194 	0.713 0.0860174
195 	0.144 0.15985
196 	0.745667 0.130669
197 	0.244 0.0576888
198 	0.194 0.17362
199 	0 0
200 	0 0
201 	0.789 0.249578
202 	0 0
203 	0.302 0.248363
204 	0 0
205 	0.191 0.229092
206 	0.941667 0.0753813
207 	0.729333 0.41689
208 	0.197333 0.132802
209 	0.0293333 0.025482
210 	0.727667 0.317824
211 	0.000666667 0.00057735
212 	0 0
213 	0.23 0.0602246
214 	0.244 0.208813
215 	0 0
216 	0 0
217 	0 0
218 	0 0
219 	0 0
220 	0 0
221 	0 0
222 	0 0
223 	0 0
224 	0 0
225 	0 0
226 	0.017 0.0244336
227 	0.958667 0.0536781
228 	0.998 0.00173205
229 	0.999333 0.0011547
230 	0.252333 0.0660025
231 	0.998 0.001
232 	0.999 0.001
233 	0.713333 0.0821361
234 	0.935667 0.103732
235 	0.001 0.001
236 	0 0
237 	0 0
238 	0 0
239 	0 0
240 	0 0
241 	0 0
242 	0 0
243 	0 0
244 	0 0
245 	0 0
246 	0 0
247 	0 0
248 	0 0
249 	0 0
250 	0 0
251 	0 0
252 	0 0
253 	0.021 0.0363731
254 	0.916667 0.140873
255 	0 0
256 	0 0
257 	0 0
258 	0 0
259 	0 0
260 	0 0
261 	0 0
262 	0 0
263 	0 0
264 	0 0
265 	0 0
266 	0 0
267 	0 0
268 	0 0
269 	0 0
270 	0 0
271 	0 0
272 	0 0
273 	0 0
274 	0 0
275 	0 0
276 	0.000333333 0.00057735
277 	0 0
278 	0 0
279 	0 0
280 	0 0
281 	0 0
282 	0 0
283 	0 0
284 	0 0
285 	0 0
286 	0 0
287 	0 0
288 	0 0
289 	0 0
290 	0 0
291 	0 0
292 	0 0
293 	0 0
294 	0 0
295 	0 0
296 	0 0
297 	0 0
298 	0 0
299 	0 0
300 	0 0
301 	0 0
302 	0 0
303 	0 0
304 	0 0
305 	0 0
306 	0 0
307 	0 0
308 	0 0
309 	0 0
310 	0 0
311 	0 0
312 	0 0
313 	0 0
314 	0 0
315 	0 0
316 	0 0
317 	0 0
318 	0 0
319 	0 0
320 	0 0
321 	0 0
322 	0 0
323 	0 0
324 	0 0
325 	0 0
326 	0 0
327 	0 0
328 	0 0
329 	0 0
330 	0 0
331 	0 0
332 	0 0
333 	0 0
334 	0 0
335 	0 0
336 	0 0
337 	0 0
338 	0 0
339 	0 0
340 	0 0
341 	0 0
342 	0 0
343 	0 0
344 	0 0
345 	0 0
346 	0 0
347 	0 0
348 	0 0
349 	0 0
350 	0 0
351 	0 0
352 	0 0
