1 	1 0
2 	0.821667 0.040501
3 	0.858667 0.159954
4 	0.525333 0.191119
5 	0.902333 0.0951122
6 	0.816333 0.0955528
7 	0.999 1.49012e-08
8 	0.884667 0.0807486
9 	0.927333 0.0641431
10 	0.999667 0.00057735
11 	0.988333 0.0168622
12 	1 0
13 	0.934333 0.0453689
14 	1 0
15 	0.760667 0.188739
16 	0.954667 0.0198578
17 	0.945333 0.0282194
18 	0.993667 0.00757188
19 	1 0
20 	1 0
21 	0.991 0.00793725
22 	1 0
23 	0.999333 0.0011547
24 	1 0
25 	0 0
26 	0.101333 0.165149
27 	0.796667 0.124388
28 	0.761667 0.204884
29 	0.112667 0.109436
30 	0.117667 0.0776552
31 	1 0
32 	0.751333 0.240203
33 	0 0
34 	0 0
35 	0 0
36 	0 0
37 	0 0
38 	0 0
39 	0 0
40 	0 0
41 	0 0
42 	0 0
43 	0 0
44 	0 0
45 	0 0
46 	0 0
47 	0 0
48 	0 0
49 	0 0
50 	0 0
51 	0 0
52 	0 0
53 	0 0
54 	0 0
55 	0 0
56 	0 0
57 	0 0
58 	0 0
59 	0 0
60 	0 0
61 	0 0
62 	0 0
63 	0 0
64 	0 0
65 	0 0
66 	0 0
67 	0 0
68 	0 0
69 	0 0
70 	0 0
71 	0 0
72 	0 0
73 	0 0
74 	0 0
75 	0 0
76 	0 0
77 	0 0
78 	0 0
79 	0 0
80 	0 0
81 	0 0
82 	0 0
83 	0 0
84 	0 0
85 	0 0
86 	0 0
87 	0 0
88 	0 0
89 	0 0
90 	0 0
91 	0 0
92 	0 0
93 	0 0
94 	0 0
95 	0 0
96 	0 0
97 	0 0
98 	0 0
99 	0 0
100 	0 0
101 	0 0
102 	0 0
103 	0 0
104 	0 0
105 	0 0
106 	0 0
107 	0 0
108 	0 0
109 	0 0
110 	0 0
111 	0 0
112 	0 0
113 	0 0
114 	0 0
115 	0 0
116 	0 0
117 	0 0
118 	0 0
119 	0 0
120 	0 0
121 	0 0
122 	0 0
123 	0 0
124 	0 0
125 	0 0
126 	0 0
127 	0 0
128 	0 0
129 	0 0
130 	0 0
131 	0 0
132 	0 0
133 	0 0
134 	0 0
135 	0 0
136 	0 0
137 	0 0
138 	0 0
139 	0 0
140 	0 0
141 	0 0
142 	0 0
143 	0 0
144 	0 0
145 	0 0
146 	0 0
147 	0 0
148 	0 0
149 	0 0
150 	0 0
151 	0 0
152 	0 0
153 	0 0
154 	0 0
155 	0.035 0.0402616
156 	0.0813333 0.1135
157 	0.986 0.0130767
158 	0.995667 0.00404145
159 	0.371667 0.324263
160 	0.897 0.136963
161 	0.322 0.283438
162 	0.298333 0.224135
163 	0.564667 0.278895
164 	0.389667 0.388208
165 	0.994333 0.00981495
166 	0 0
167 	0.00633333 0.0085049
168 	0.000333333 0.00057735
169 	0 0
170 	0 0
171 	0 0
172 	0 0
173 	0 0
174 	0 0
175 	0 0
176 	0 0
177 	0 0
178 	0.000666667 0.0011547
179 	0 0
180 	0 0
181 	0.539667 0.465635
182 	0.886667 0.0969347
183 	0.154 0.101975
184 	0.664333 0.255441
185 	0.811667 0.0893159
186 	0.989333 0.00832666
187 	0.964667 0.0221209
188 	0.999 1.49012e-08
189 	1 0
190 	0.922333 0.0475009
191 	1 0
192 	0.183 0.0992925
193 	0.451333 0.343861
194 	0.592667 0.308824
195 	0.014 0.0242487
196 	0.335 0.491985
197 	0 0
198 	0 0
199 	0 0
200 	0 0
201 	0.919 0.0433474
202 	0 0
203 	0.0413333 0.0440492
204 	0 0
205 	0 0
206 	0.928667 0.0591805
207 	0.204333 0.153598
208 	0.219333 0.191286
209 	0.162667 0.164102
210 	0.934333 0.112006
211 	0 0
212 	0 0
213 	0 0
214 	0.026 0.0433128
215 	0 0
216 	0 0
217 	0 0
218 	0 0
219 	0 0
220 	0 0
221 	0 0
222 	0 0
223 	0 0
224 	0 0
225 	0 0
226 	0 0
227 	0.999 0.001
228 	1 0
229 	0.996667 0.0057735
230 	0.630333 0.353718
231 	0.999667 0.00057735
232 	1 0
233 	0.882667 0.196322
234 	1 0
235 	0.0193333 0.0132791
236 	0 0
237 	0 0
238 	0 0
239 	0 0
240 	0 0
241 	0 0
242 	0 0
243 	0 0
244 	0 0
245 	0 0
246 	0 0
247 	0 0
248 	0 0
249 	0 0
250 	0 0
251 	0.001 0.00173205
252 	0 0
253 	0.0316667 0.0106927
254 	0.728667 0.316023
255 	0 0
256 	0 0
257 	0 0
258 	0 0
259 	0 0
260 	0 0
261 	0 0
262 	0 0
263 	0 0
264 	0 0
265 	0 0
266 	0 0
267 	0 0
268 	0 0
269 	0 0
270 	0 0
271 	0 0
272 	0 0
273 	0 0
274 	0 0
275 	0 0
276 	0 0
277 	0 0
278 	0 0
279 	0 0
280 	0 0
281 	0 0
282 	0 0
283 	0 0
284 	0 0
285 	0 0
286 	0 0
287 	0 0
288 	0 0
289 	0 0
290 	0 0
291 	0 0
292 	0 0
293 	0 0
294 	0 0
295 	0 0
296 	0 0
297 	0 0
298 	0 0
299 	0 0
300 	0 0
301 	0 0
302 	0 0
303 	0 0
304 	0 0
305 	0 0
306 	0 0
307 	0 0
308 	0 0
309 	0 0
310 	0 0
311 	0 0
312 	0 0
313 	0 0
314 	0 0
315 	0 0
316 	0 0
317 	0 0
318 	0 0
319 	0 0
320 	0 0
321 	0 0
322 	0 0
323 	0 0
324 	0 0
325 	0 0
326 	0 0
327 	0 0
328 	0 0
329 	0 0
330 	0 0
331 	0 0
332 	0 0
333 	0 0
334 	0 0
335 	0 0
336 	0 0
337 	0 0
338 	0 0
339 	0 0
340 	0 0
341 	0 0
342 	0 0
343 	0 0
344 	0 0
345 	0 0
346 	0 0
347 	0 0
348 	0 0
349 	0 0
350 	0 0
351 	0 0
352 	0 0
